Function A: ADD 614
Function B: MULTIPLY 81
Function C: RAISE TO THE POWER OF 3

2949
3620
5945
7932
3439
9590
3428
6300
9145
8803
7559
9626
7896
9274
6898
3675
5072
2451
7903
9160
1942
1821
4585
8317
1201
6294
5495
9912
4348
8876
6152
7390
3836
6950
6671
2806
1645
8408
6589
3430
4551
7344
1306
7843
8143
1398
8136
7180
2768
4903
8478
7447
3331
4011
1584
3198
8477
2822
2136
5482
4729
7614
8868
7049
6731
9967
8460
1373
3468
1590
1630
9567
7662
5775
6153
6645
4934
3698
8370
6751
7757
1653
8758
3583
3109
7058
7634
3185
4206
7250
6590
2460
6876
1087
7200
6946
1321
1231
6542
1046
9924
